surname,nationality
Fakhoury,Arabic
Toma,Unknown
Koury,Unknown
Bata,Unknown
Samaha,Arabic
Sarraf,Arabic
Hadad,Unknown
Seif,Unknown
Mansour,Unknown
Maalouf,Arabic
Kassis,Czech
Nader,Unknown
Harb,Unknown
Mustafa,Arabic
Shamon,Unknown
Shalhoub,Unknown
Rahal,Arabic
Dagher,Unknown
Arian,Unknown
Haik,Unknown
Mustafa,Arabic
Handal,Unknown
Shamoon,Unknown
Quraishi,Arabic
Naser,Unknown
Tahan,Arabic
Mifsud,Arabic
Malouf,Unknown
Baba,Arabic
Botros,Unknown
Kouri,Unknown
Kassis,Czech
Shamon,Unknown
Isa,Chinese
Deeb,Arabic
Naifeh,Unknown
Antoun,Unknown
Abadi,Arabic
Rahal,Arabic
Zogby,Unknown
Quraishi,Arabic
Mansour,Unknown
Kattan,Arabic
Abadi,Arabic
Boutros,Unknown
Halabi,Unknown
Tuma,Unknown
Halabi,Unknown
Atiyeh,Unknown
Antoun,Unknown
Mifsud,Arabic
Shadid,Unknown
Ghannam,Unknown
Seif,Unknown
Zogby,Unknown
Baba,Arabic
Atiyeh,Unknown
Kanaan,Arabic
Morcos,Unknown
Mustafa,Arabic
Bitar,Arabic
Handal,Unknown
Kattan,Arabic
Said,Unknown
Shalhoub,Unknown
Shamoun,Unknown
Nazari,Unknown
Boutros,Unknown
Fakhoury,Arabic
Kouri,Unknown
Mifsud,Arabic
Hadad,Unknown
Guirguis,Unknown
Baba,Arabic
Salib,Unknown
Zogby,Unknown
Bitar,Arabic
Saliba,Arabic
Tahan,Arabic
Bitar,Arabic
Nahas,Arabic
Ganim,Unknown
Khoury,Unknown
Isa,Chinese
Maalouf,Arabic
Shadid,Unknown
Ghanem,Unknown
Deeb,Arabic
Mikhail,Arabic
Ganim,Unknown
Hadad,Unknown
Arian,Unknown
Khoury,Unknown
Basara,Arabic
Toma,Unknown
Srour,Unknown
Nassar,Czech
Ganim,Unknown
Basara,Arabic
Dagher,Unknown
Kalb,Arabic
Ganem,Unknown
Kassis,Czech
Hajjar,Czech
Ganem,Unknown
Nahas,Arabic
Hajjar,Czech
Assaf,Czech
Mansour,Unknown
Basara,Arabic
Attia,Unknown
Sarkis,Unknown
Kouri,Unknown
Wasem,Unknown
Asker,Czech
Salib,Unknown
Nahas,Arabic
Harb,Unknown
Shadid,Unknown
Kattan,Arabic
Moghadam,Unknown
Maroun,Unknown
Cham,Unknown
Ghanem,Unknown
Malouf,Unknown
Salib,Unknown
Asghar,Unknown
Guirguis,Unknown
Hanania,Unknown
Qureshi,Unknown
Abboud,Unknown
Khouri,Unknown
Baba,Arabic
Botros,Unknown
Srour,Unknown
Tuma,Unknown
Koury,Unknown
Antar,Arabic
Arian,Unknown
Maloof,Unknown
Haddad,Unknown
Tuma,Unknown
Guirguis,Unknown
Asghar,Unknown
Ganem,Unknown
Daher,Unknown
Maalouf,Arabic
Bitar,Arabic
Kouri,Unknown
Mustafa,Arabic
Abboud,Unknown
Najjar,Czech
Fakhoury,Arabic
Shalhoub,Unknown
Shadid,Unknown
Mifsud,Arabic
Antoun,Unknown
Isa,Chinese
Abadi,Arabic
Salib,Unknown
Hajjar,Czech
Hadad,Unknown
Tuma,Unknown
Ghannam,Unknown
Mustafa,Arabic
Ganim,Unknown
Malouf,Unknown
Srour,Unknown
Shamon,Unknown
Hadad,Unknown
Halabi,Unknown
Bahar,Arabic
Maroun,Unknown
Shamoon,Unknown
Shamoun,Unknown
Kassis,Czech
Nader,Unknown
Sabbagh,Arabic
Naser,Unknown
Khouri,Unknown
Arian,Unknown
Mustafa,Arabic
Khoury,Unknown
Asfour,Unknown
Nassar,Czech
Rahal,Arabic
Asker,Czech
Haddad,Unknown
Atiyeh,Unknown
Awad,Unknown
Sarkis,Unknown
Abadi,Arabic
Cham,Unknown
Boutros,Unknown
Srour,Unknown
Haddad,Unknown
Totah,Unknown
Awad,Unknown
Dagher,Unknown
Atiyeh,Unknown
Guirguis,Unknown
Srour,Unknown
Kalb,Arabic
Haddad,Unknown
Bata,Unknown
Khoury,Unknown
Nazari,Unknown
Maroun,Unknown
Shadid,Unknown
Awad,Unknown
Antoun,Unknown
Arian,Unknown
Malouf,Unknown
Attia,Unknown
Maroun,Unknown
Hakimi,Unknown
Bahar,Arabic
Mustafa,Arabic
Abadi,Arabic
Essa,Czech
Srour,Unknown
Rahal,Arabic
Sarraf,Arabic
Ganim,Unknown
Ganem,Unknown
Arian,Unknown
Sayegh,Unknown
Ganim,Unknown
Gaber,Unknown
Mikhail,Arabic
Handal,Unknown
Aswad,Unknown
Antar,Arabic
Tahan,Arabic
Deeb,Arabic
Attia,Unknown
Basara,Arabic
Kassab,Czech
Haddad,Unknown
Tahan,Arabic
Dagher,Unknown
Isa,Chinese
Kanaan,Arabic
Ganim,Unknown
Gerges,Unknown
Nahas,Arabic
Nader,Unknown
Sayegh,Unknown
Antar,Arabic
Maalouf,Arabic
Hanania,Unknown
Daher,Unknown
Baba,Arabic
Daher,Unknown
Mustafa,Arabic
Handal,Unknown
Essa,Czech
Nassar,Czech
Quraishi,Arabic
Salib,Unknown
Boutros,Unknown
Sleiman,Dutch
Khoury,Unknown
Sayegh,Unknown
Nahas,Arabic
Totah,Unknown
Bata,Unknown
Naser,Unknown
Kanaan,Arabic
Abboud,Unknown
Asker,Czech
Zogby,Unknown
Asker,Czech
Cham,Unknown
Malouf,Unknown
Bazzi,Unknown
Bazzi,Unknown
Cham,Unknown
Naifeh,Unknown
Sarkis,Unknown
Kalb,Arabic
Bazzi,Unknown
Aswad,Unknown
Mansour,Unknown
Ba,Chinese
Assaf,Czech
Koury,Unknown
Saliba,Arabic
Ganem,Unknown
Zogby,Unknown
Safar,Arabic
Shadid,Unknown
Ganim,Unknown
Issa,Czech
Hakimi,Unknown
Sarkis,Unknown
Assaf,Czech
Mustafa,Arabic
Asghar,Unknown
Boutros,Unknown
Bian,Unknown
Bao,Chinese
You,Chinese
Ow-Yang,Chinese
She,Chinese
Pan,Chinese
Law,Chinese
Mai,Chinese
Woo,Chinese
Dan,Chinese
Lao,Chinese
Tze,Chinese
Zhi,Chinese
Shaw,Chinese
Xiang,Chinese
Lai,Chinese
Zeng,Chinese
Seah,Chinese
Guo,Chinese
Dou,Chinese
Tsen,Chinese
Wan,Chinese
Fan,Chinese
Rui,Chinese
Jing,Chinese
Tang,Chinese
Dai,Chinese
Kang,Chinese
Qiu,Chinese
Niu,Chinese
Shen,Unknown
Sheng,Chinese
Yin,Chinese
Jin,Chinese
Min,Chinese
Wei,Chinese
Pei,Chinese
Loong,Chinese
Yau,Chinese
Chao,Chinese
Cermak,Czech
Ballalatak,Czech
Vaca,Unknown
Cerv,Czech
Kafka,Czech
Faltejsek,Unknown
Ransom,Czech
Camfrlova,Unknown
Kuffel,Unknown
Zipperer,Czech
Urbanek,Arabic
Kesl,Unknown
Michalovicova,Czech
Ponec,Czech
Doljs,Unknown
Opizka,Czech
Lawa,Chinese
Kocian,Unknown
Brabbery,Arabic
Kudrna,Unknown
Chalupka,Unknown
Friedrich,Unknown
Betlach,Unknown
Schenk,Czech
Suchanka,Unknown
Frierdich,Unknown
Kenzel,Unknown
Pellar,Unknown
Wilchek,Czech
Ruba,Arabic
Blazejovsky,Czech
Weiss,Czech
Veverka,Czech
Safko,Czech
Kreutschmer,Dutch
Treblik,Czech
Grygarova,Unknown
Schwarz,Unknown
Holub,Unknown
Rebka,Unknown
Timpe,Unknown
Shula,Unknown
Grulich,Unknown
Sankovsky,Czech
Kulhanek,Czech
Voneve,Unknown
Kvasnicka,Unknown
Grabski,Arabic
Satorie,Unknown
Katschker,Dutch
Peary,Unknown
Stangl,Chinese
Vlasek,Unknown
Petersen,Chinese
Antonowitz,Unknown
Drassal,Arabic
Svejkovsky,Czech
Jarzembowski,Czech
Praseta,Arabic
Finferovy,Czech
Kopp,Czech
Mojjis,Czech
Uhlik,Czech
Jonas,Unknown
Wiesner,Unknown
Stary,Arabic
Skokan,Unknown
Stramba,Arabic
Dehmel,Unknown
Herodes,Unknown
Ustohal,Unknown
Bacon,Unknown
Handzlik,Czech
Ruzicka,Unknown
Kopecky,Unknown
Chilar,Unknown
Paiser,Unknown
Peter,Dutch
Rompaye,Unknown
Snaijer,Dutch
Penners,Unknown
Smit,Unknown
Zee,Chinese
Ven,Chinese
Apeldoorn,Dutch
Roijakker,Dutch
Aller,Unknown
Ramaaker,Arabic
Laar,Arabic
Schuyler,Unknown
Peeters,Dutch
Rameckers,Unknown
Mohren,Dutch
Buggenum,Unknown
Niftrik,Dutch
Rossum,Czech
Ogterop,Unknown
Rompa,Unknown
Hautem,Unknown
Slootmaekers,Unknown
Leeuwenhoek,Dutch
Kolijn,Unknown
Muyskens,Czech
Meeuwes,Dutch
Koumans,Dutch
Laar,Arabic
Spijker,Dutch
Schoonraad,Arabic
Koeman,Dutch
Kollen,Unknown
Buren,Unknown
Silje,Unknown
Seghers,Dutch
Akker,Dutch
Koning,Chinese
Andel,Dutch
Reynder,Unknown
Schwarzenberg,Unknown
Kool,Unknown
Amelsvoort,Unknown
Klerken,Dutch
Dewar,Unknown
Dawkins,Chinese
Fraser,Arabic
English,Czech
Boyce,Unknown
Bickley,Unknown
Dundon,Unknown
Adkins,Unknown
Hodge,Unknown
Jubb,Unknown
Hallam,Unknown
Fifield,Unknown
Carnegie,Unknown
Jordan,Unknown
Reygan,Unknown
Riseborough,Unknown
Warwick,Unknown
Kinrade,Arabic
Mansell,Unknown
Donkin,Unknown
Hubbard,Arabic
Kettlewell,Unknown
Goulden,Unknown
Jacks,Unknown
Ashurst,Unknown
Jakeman,Dutch
Purcell,Unknown
Johanson,Unknown
Falsh,Unknown
Hopwood,Unknown
Pitchford,Unknown
Holl,Unknown
Keenan,Unknown
Sylvester,Unknown
Neary,Unknown
Taggart,Unknown
Carter,Unknown
Foran,Arabic
Thornton,Unknown
Ashcroft,Unknown
Crawley,Arabic
Pickford,Unknown
Bramley,Arabic
Ginty,Unknown
Tansley,Unknown
Hanson,Unknown
Horn,Unknown
Leach,Unknown
Hope,Unknown
Bithell,Unknown
Millard,Unknown
Worrall,Arabic
Connell,Unknown
Isgate,Unknown
Mckeown,Unknown
Upton,Unknown
Sharma,Unknown
Biddle,Unknown
Finnimore,Unknown
Endroe,Unknown
Donoghue,Unknown
Jerry,Unknown
Simpson,Unknown
Diamond,Unknown
Crofts,Unknown
Ryans,Unknown
Plouvin,Unknown
Lawrie,Chinese
Abrahams,Arabic
Hirst,Unknown
Osman,Dutch
Humphreys,Unknown
Kehoe,Unknown
Fearnley,Unknown
Sparrow,Unknown
Zaoui,Unknown
Laraway,Arabic
Thurston,Unknown
Bradbury,Arabic
Donald,Unknown
Gourlay,Unknown
Welton,Unknown
Kiddle,Unknown
Dougherty,Unknown
Keene,Unknown
Roffey,Unknown
Lightfoot,Unknown
Leyshon,Unknown
Farrell,Unknown
Essam,Czech
Toucet,Unknown
Rick,Unknown
Sutherland,Unknown
Lynch,Unknown
Kirkbride,Unknown
Coates,Unknown
Bradley,Arabic
Leek,Unknown
Fielder,Unknown
Reay,Unknown
Neale,Unknown
Ripley,Unknown
Spooner,Unknown
Hargreaves,Unknown
Wilde,Unknown
Sadiq,Unknown
Gonzalez,Unknown
Owens,Unknown
Bower,Unknown
Estlick,Unknown
Bancroft,Unknown
Maher,Unknown
Adlam,Unknown
Newman,Dutch
Rickards,Unknown
Alford,Unknown
Edwick,Unknown
Dymond,Unknown
Clamp,Unknown
Anscombe,Unknown
Lane,Unknown
Mcmillan,Unknown
Wills,Unknown
Odam,Unknown
Wotherspoon,Unknown
Pett,Unknown
Goodall,Unknown
Griggs,Unknown
Rollinson,Unknown
Widdowson,Unknown
Dexter,Unknown
Eadie,Unknown
Elliott,Unknown
Stephenson,Unknown
Addis,Unknown
Kolt,Unknown
Dora,Arabic
Mcnally,Unknown
Oxenham,Unknown
Partlett,Unknown
Wears,Unknown
Dowling,Chinese
Down,Unknown
Donohoe,Unknown
Greig,Unknown
Ellwood,Unknown
Worthington,Chinese
Tufnall,Unknown
Molloy,Unknown
Roach,Unknown
Mckee,Unknown
Stainton,Unknown
Sayers,Unknown
Myers,Unknown
Butler,Unknown
Chauhan,Unknown
Watling,Chinese
Ayres,Unknown
Eastaway,Chinese
Wales,Unknown
Fairbairn,Arabic
Phipps,Czech
Fabb,Czech
Glass,Czech
Tate,Unknown
Cutts,Unknown
Samuel,Unknown
Hand,Unknown
Hinton,Unknown
Field,Unknown
Wileman,Dutch
Twiggs,Unknown
Werrett,Unknown
Reisser,Czech
Fitton,Unknown
Waite,Unknown
Cookson,Unknown
Le tissier,Czech
Lumb,Unknown
Higgs,Unknown
Duke,Unknown
Illingworth,Chinese
Pennell,Unknown
Ardern,Unknown
Thorley,Unknown
Oxby,Unknown
Readle,Unknown
Okey,Unknown
Essop,Czech
Dwyer,Unknown
Pennington,Chinese
Negros,Unknown
Delamarre,Unknown
Lobb,Unknown
Pinnock,Unknown
Biggs,Unknown
Bruce,Unknown
Nineham,Unknown
Mccann,Unknown
Lees,Unknown
Halliday,Unknown
Eastaugh,Unknown
Ullman,Dutch
Gower,Unknown
Johns,Unknown
Wilton,Unknown
Lilwall,Unknown
Hussein,Czech
Rickett,Unknown
Sweeting,Chinese
Keeble,Arabic
Laird,Unknown
Maclean,Unknown
Entwistle,Unknown
Fisk,Czech
Crowe,Unknown
Daugherty,Unknown
Ralph,Unknown
Roome,Unknown
Davenport,Unknown
Nairn,Unknown
Dale,Unknown
Tompkins,Unknown
Uttridge,Unknown
Timberlake,Unknown
Burns,Unknown
Daniel,Unknown
Cohen,Unknown
Huggins,Unknown
Luttrell,Unknown
Newill,Unknown
Eales,Unknown
Niles,Unknown
Steward,Unknown
Morris,Unknown
Hogg,Unknown
Langridge,Chinese
Burn,Unknown
Aves,Unknown
Shand,Unknown
Leary,Unknown
Foulkes,Unknown
Forman,Dutch
Pendlebury,Unknown
Hallett,Unknown
Jasper,Unknown
London,Unknown
Plummer,Unknown
Dodd,Unknown
Bennett,Unknown
Morrow,Unknown
Fellows,Unknown
Ayley,Unknown
Gough,Unknown
Yetman,Dutch
Issac,Czech
Elstone,Unknown
Hutchison,Unknown
Love,Unknown
Aziz,Unknown
Alderson,Unknown
Hepburn,Unknown
Nicolson,Unknown
Robbins,Unknown
Alanson,Unknown
Shah,Unknown
Goodson,Unknown
Cavanagh,Unknown
Awad,Unknown
Brookfield,Unknown
Deighton,Unknown
Hood,Unknown
Gilbert,Unknown
Blackwell,Unknown
Fitzsimmons,Unknown
Golding,Chinese
Leese,Unknown
Flaherty,Unknown
Moseley,Unknown
Powles,Unknown
Downton,Unknown
Paige,Unknown
Acton,Unknown
Annan,Unknown
Drewett,Unknown
Lancaster,Unknown
Kinsley,Unknown
Verell,Unknown
Norville,Unknown
Luscombe,Unknown
Devonport,Unknown
Jeffreys,Unknown
Ulyatt,Arabic
Matthews,Arabic
Blythe,Unknown
Norburn,Unknown
Emery,Unknown
Gavin,Unknown
Kirwin,Unknown
Voakes,Unknown
D arcy,Unknown
Exon,Unknown
Perrins,Unknown
Harper,Unknown
Vine,Unknown
Dougal,Unknown
Strange,Arabic
Pooke,Unknown
Thirlway,Unknown
Keward,Unknown
Gibbon,Unknown
Bateman,Dutch
Olds,Unknown
Manson,Unknown
Faust,Unknown
Govender,Unknown
Wright,Unknown
Elkington,Chinese
Debenham,Unknown
Ingham,Unknown
Bone,Unknown
Busby,Unknown
Shea,Unknown
Arnold,Unknown
Mcnulty,Unknown
Vernon,Unknown
Jewers,Unknown
Jervis,Czech
Rann,Unknown
Graham,Arabic
Sanders,Unknown
Osborne,Unknown
Yapp,Czech
Richards,Unknown
Lucas,Unknown
Button,Unknown
Winman,Dutch
Lowrie,Unknown
Varey,Unknown
Bowen,Unknown
Farrer,Unknown
Foxall,Unknown
Draper,Arabic
Steadman,Dutch
Jenas,Unknown
Stamp,Unknown
Kempster,Unknown
Mathers,Unknown
Hodder,Unknown
Orvis,Unknown
Gately,Unknown
Tunks,Unknown
Addams,Unknown
Ketley,Unknown
Baron,Unknown
Pinsmail,Unknown
Vanwell,Unknown
Hitchcock,Unknown
Wragg,Arabic
Allcott,Unknown
Furniss,Czech
Stacey,Unknown
Gillam,Unknown
Hannam,Unknown
Dufour,Unknown
Rivers,Unknown
Number,Unknown
Martin,Unknown
Eltis,Unknown
Timms,Unknown
Mccartney,Unknown
Ross,Czech
Yeardley,Unknown
Underdown,Unknown
Desai,Unknown
Dermody,Unknown
Patterson,Arabic
Drew,Unknown
Winder,Unknown
Furnell,Unknown
Walsh,Unknown
Finlay,Unknown
Guthrie,Unknown
Ainley,Unknown
Ekin,Unknown
Upfield,Unknown
Donaldson,Unknown
Fernandez,Unknown
Knab,Unknown
Smit,Unknown
Ogden,Unknown
Donnelly,Unknown
Jupp,Czech
Thompson,Unknown
Mcleod,Unknown
Norbury,Unknown
Houghton,Unknown
Kingscott,Chinese
Elvins,Unknown
Livingstone,Chinese
Burland,Unknown
Picot,Unknown
Stuckey,Unknown
Reader,Unknown
Lyons,Unknown
Farnsworth,Unknown
Rixon,Unknown
Broadbent,Unknown
Mangnall,Chinese
Crawford,Arabic
Alladee,Unknown
Kane,Unknown
Mclaren,Unknown
Rainey,Unknown
Ferguson,Unknown
Nowak,Unknown
Coward,Unknown
Finney,Unknown
Lowe,Unknown
Glaister,Unknown
Ratcliffe,Unknown
Astle,Unknown
Mackie,Unknown
Illing,Chinese
Mulligan,Unknown
Lennard,Unknown
Renshaw,Chinese
Rackham,Arabic
Kellems,Unknown
Simmonds,Unknown
Wraight,Arabic
Maguire,Unknown
Larkings,Chinese
Chilvers,Unknown
Kerby,Unknown
Isaac,Arabic
Wicks,Unknown
Urwin,Unknown
Snow,Unknown
Ramsden,Unknown
Collinson,Unknown
Townsend,Chinese
Elleray,Arabic
Algar,Unknown
Newsome,Czech
Windsor,Unknown
Tocher,Unknown
Labbe,Czech
Willetts,Unknown
Appleby,Czech
Arrowsmith,Unknown
Yeomans,Dutch
Galloway,Unknown
Slater,Unknown
Floyd,Unknown
Cahill,Unknown
Eley,Unknown
Elliman,Dutch
Orwin,Unknown
Bartlett,Unknown
Dykes,Unknown
Ball,Unknown
Madden,Unknown
Macmillan,Unknown
Stott,Unknown
Stenhouse,Unknown
Butt,Unknown
Ridge,Unknown
Kurian,Unknown
Brook,Unknown
Chalmers,Unknown
Nandi,Unknown
Boyd,Unknown
Young,Unknown
Mcarthur,Unknown
Tallett,Unknown
Laing,Chinese
Ingermann,Dutch
Flack,Unknown
Edmond,Unknown
Southwick,Unknown
Jessop,Czech
Ormiston,Unknown
Edmundson,Unknown
Kirwan,Unknown
Homer,Unknown
Forsythe,Unknown
Dolan,Unknown
Higgins,Unknown
Cullen,Unknown
Truman,Dutch
Trennery,Unknown
Luce,Unknown
Townend,Unknown
Dunmore,Unknown
Furlong,Chinese
Kenneford,Unknown
Walter,Unknown
Adamson,Unknown
Blundell,Dutch
Notman,Dutch
Langley,Chinese
Cheung,Unknown
Knuckles,Unknown
Jobson,Unknown
Laycock,Unknown
Vines,Unknown
Eyett,Unknown
Foreman,Dutch
Allsop,Unknown
Fell,Unknown
Dalzell,Unknown
Campbell,Unknown
Nobbs,Unknown
Reveley,Unknown
Dunn,Unknown
Flanders,Unknown
Chelmy,Unknown
Petrova,Unknown
Ullmann,Dutch
Eckersall,Unknown
Kellie,Unknown
Sherwood,Unknown
Heath,Unknown
Street,Unknown
Lowis,Unknown
Klein,Unknown
Lilly,Unknown
Layton,Unknown
Epsom,Czech
Denis,Unknown
Halliwell,Unknown
Litchfield,Unknown
Burnett,Unknown
Ackroyd,Unknown
Okeefe,Unknown
Linley,Unknown
Hellier,Unknown
Ingram,Arabic
Boulton,Unknown
Braithwaite,Arabic
Wiles,Unknown
Johansen,Chinese
Banner,Unknown
Underwood,Unknown
Hardy,Unknown
Vallory,Unknown
Elbutt,Unknown
Adsett,Unknown
Shaughnessy,Czech
Tailler,Unknown
Marchand,Unknown
Giles,Unknown
Paquet,Unknown
Masson,Czech
Robert,Unknown
Charpentier,Unknown
Patenaude,Unknown
Tobias,Unknown
Leclair,Unknown
Bureau,Unknown
Bonnaire,Unknown
LÃ©cuyer,Unknown
Fabron,Unknown
Dubois,Unknown
Forest,Unknown
Olivier,Unknown
Leroy,Unknown
Paternoster,Unknown
Babineaux,Unknown
Montagne,Unknown
Petit,Unknown
Lesauvage,Unknown
Cousineau,Unknown
Traver,Arabic
Arthur,Unknown
Richelieu,Unknown
Leclerc,Unknown
Berger,Unknown
Legrand,Arabic
Masson,Czech
Duval,Unknown
Duchamps,Unknown
Romilly,Unknown
Colbert,Unknown
Thayer,Unknown
Hardy,Unknown
Charron,Unknown
Labelle,Unknown
Langlais,Chinese
Faucheux,Unknown
Buhr,Unknown
Holzknecht,Czech
Grosse,Czech
Herbert,Unknown
Lieberenz,Unknown
Blau,Unknown
Richter,Unknown
Grosser,Czech
Lang,Chinese
Rosenberger,Chinese
Herschel,Dutch
Lawrenz,Chinese
Paternoster,Unknown
Prinz,Unknown
Karl,Unknown
Tangeman,Chinese
Maas,Arabic
Schenck,Unknown
Schuhart,Unknown
Rothenberg,Unknown
Gross,Czech
Braun,Arabic
Fried,Unknown
Seidel,Dutch
Aleshite,Unknown
Mein,Unknown
GroÃŸel,Unknown
Houk,Unknown
Sulzbach,Arabic
Ackermann,Dutch
Trumbauer,Arabic
Kempf,Unknown
Frost,Unknown
Sander,Unknown
Schuhmacher,Unknown
Feldt,Unknown
Reuter,Unknown
Bieber,Unknown
Becker,Unknown
Schmitt,Unknown
Swango,Chinese
KÃ¼chler,Unknown
Sorge,Unknown
Hasenkamp,Chinese
Samuel,Unknown
Stuber,Unknown
Strobel,Unknown
Stumpf,Unknown
Unruh,Unknown
Janz,Unknown
Holst,Unknown
Gerhard,Unknown
Garver,Unknown
Rapp,Czech
Gensch,Dutch
MÃ¼ller,Unknown
Rademaker,Czech
Baumhauer,Unknown
Dittmar,Unknown
Penzig,Unknown
Bambach,Arabic
Kundert,Unknown
Herrmann,Dutch
KÃ¶hler,Unknown
Klein,Unknown
Wetzel,Unknown
Westerberg,Unknown
Jaeger,Unknown
Fromm,Unknown
Auer,Unknown
Weigand,Unknown
KÃ¶nigsmann,Dutch
Meinhardt,Unknown
Wolf,Unknown
Albrecht,Unknown
Winther,Unknown
Gorman,Dutch
Kohl,Unknown
Greenberg,Unknown
Schuchardt,Unknown
Gott,Unknown
Meier,Unknown
Sauber,Unknown
Nussbaum,Arabic
Achterberg,Unknown
Krantz,Arabic
Baasch,Arabic
Schultheiss,Czech
Kruckel,Unknown
Waltz,Unknown
Friedrich,Unknown
Loris,Unknown
Feld,Unknown
Bauer,Unknown
Breisacher,Unknown
Kaube,Unknown
Otto,Unknown
Beltz,Unknown
Wedekind,Unknown
Lafrenz,Unknown
Gabler,Unknown
Dunkle,Unknown
Gottschalk,Dutch
Gunther,Unknown
Garber,Unknown
Wieck,Unknown
Leitz,Unknown
Armbruster,Unknown
Antonopoulos,Unknown
Gomatos,Unknown
Egonidis,Unknown
Pappayiorgas,Czech
Gavril,Unknown
Nomikos,Unknown
Lolos,Unknown
Adamidis,Unknown
Christakos,Czech
Fourakis,Arabic
Alexandropoulos,Unknown
Bursinos,Unknown
Geracimos,Arabic
Pantelakos,Unknown
Georgeakopoulos,Unknown
Kosmas,Unknown
Diakogeorgiou,Unknown
Gavrilopoulos,Unknown
Rorris,Unknown
Koumanidis,Dutch
Calpis,Unknown
Dioletis,Unknown
Kreskas,Czech
Gianakopulos,Unknown
Agelakos,Unknown
Sardelis,Dutch
Zouvelekis,Unknown
Ruvelas,Unknown
Kotsiopoulos,Unknown
Dritsas,Unknown
Gallchobhar,Unknown
Maciomhair,Unknown
Power,Unknown
Meadhra,Arabic
Reagan,Unknown
Mcnab,Unknown
Ceallachan,Unknown
Curran,Arabic
Madaidhin,Arabic
Hayden,Unknown
Maguire,Unknown
O'Shea,Unknown
O'Rourke,Unknown
Delaney,Unknown
Rinn,Unknown
O'Neill,Unknown
Macghabhann,Unknown
Kavanagh,Unknown
Eoin,Unknown
Roach,Unknown
Mochan,Unknown
O'Kelly,Unknown
Riagan,Unknown
O'Mooney,Unknown
O'Brian,Unknown
O'Meara,Arabic
Nolan,Unknown
Quigley,Czech
Connolly,Unknown
Gerald,Arabic
Macshuibhne,Unknown
Malone,Unknown
Sechnall,Unknown
O'Doherty,Unknown
Pietri,Unknown
Zangari,Chinese
Ruggeri,Unknown
Pellegrino,Unknown
Roma,Unknown
Sansone,Unknown
Uberti,Unknown
Pavesi,Czech
Murgia,Unknown
Breda,Unknown
Donati,Unknown
Bianchi,Unknown
Roncalli,Unknown
Lagorio,Unknown
Nanni,Unknown
D'ambrosio,Unknown
Carbone,Unknown
LagomarsÃ¬no,Unknown
Aliberti,Unknown
Altoviti,Unknown
Nieri,Unknown
Acconci,Unknown
Giannino,Unknown
Albricci,Unknown
Albani,Arabic
Rais,Unknown
Tedesco,Unknown
Nepi,Unknown
Poggio,Unknown
Landolfi,Unknown
Aloia,Unknown
Provenza,Unknown
Nicosia,Unknown
Columbo,Unknown
Varano,Arabic
Capello,Unknown
Lazzari,Unknown
Bellandini,Unknown
Mosconi,Unknown
Salomon,Unknown
Belloni,Unknown
Cattaneo,Arabic
Serpico,Unknown
Sebastino,Arabic
Elena,Unknown
Amantea,Dutch
Salvatici,Unknown
Albero,Unknown
Alduino,Unknown
Caito,Unknown
Sacco,Unknown
Abandonato,Arabic
Leccese,Unknown
Santini,Unknown
Scordato,Unknown
Vescovi,Unknown
Pozzi,Unknown
Innocenti,Unknown
Antonelli,Unknown
Airaldi,Arabic
Pesaro,Unknown
Lippi,Czech
Barone,Unknown
RÃ©,Chinese
Scutese,Unknown
Sarno,Unknown
TamÃ ro,Unknown
Laguardia,Unknown
Pagani,Unknown
Bagnoli,Unknown
Poletti,Unknown
LÃ¨mmi,Unknown
Cremaschi,Dutch
Ajello,Unknown
Fava,Unknown
Alinari,Unknown
Marino,Unknown
Aggio,Unknown
Nicolosi,Unknown
Lombardi,Arabic
Napoliello,Unknown
Favero,Unknown
Bellandi,Unknown
Acquati,Unknown
Biondo,Unknown
Garofalo,Unknown
Acconcio,Unknown
Allegro,Unknown
Bartalotti,Unknown
Oberto,Unknown
Fermi,Unknown
Poggi,Unknown
Faraldo,Arabic
Confortola,Unknown
Rotolo,Unknown
Ricci,Unknown
Arlotti,Unknown
Amoretto,Unknown
Riggi,Unknown
Serafin,Arabic
Bello,Unknown
Nicodemo,Unknown
Bulgari,Unknown
Abbatangelo,Arabic
Pagano,Unknown
Calligaris,Unknown
Takashi,Unknown
Ishida,Unknown
Soga,Unknown
Mitsuharu,Japanese
Seo,Chinese
Ohmae,Unknown
Miyoshi,Unknown
Kajitani,Unknown
Yamanaka,Dutch
Satoya,Unknown
Kotoku,Unknown
Nakasato,Unknown
Odaka,Unknown
Kahaya,Arabic
Usami,Unknown
Watnabe,Unknown
Numajiri,Unknown
Toyama,Unknown
Shigeki,Unknown
Arita,Unknown
Takagi,Unknown
Endo,Unknown
Higuchi,Unknown
Kurohiko,Unknown
Yanagawa,Chinese
Dan,Chinese
Miyake,Unknown
Mutsu,Japanese
Hattori,Arabic
Okabe,Unknown
Uchida,Unknown
Nakazawa,Chinese
Yoshioka,Unknown
Yamada,Unknown
Erizawa,Chinese
Ijiri,Unknown
Someya,Unknown
Komon,Unknown
Yamamura,Arabic
Kurosawa,Chinese
Higoshi,Unknown
Okimasa,Unknown
Asai,Unknown
Oshin,Arabic
Sugase,Unknown
Shunji,Unknown
Hamada,Unknown
Asanuma,Unknown
Sakurai,Arabic
Sekozawa,Chinese
Yamanoue,Dutch
Yamabe,Unknown
Oishi,Unknown
Yasuda,Arabic
Tanuma,Unknown
Koshin,Arabic
Nakasawa,Chinese
Imoo,Unknown
Shiokawa,Chinese
Asuhara,Arabic
Otaka,Czech
Murasaki,Arabic
Nagata,Unknown
Kazuyoshi,Unknown
Takekawa,Chinese
Saitoh,Unknown
Miyahara,Arabic
Nakadai,Unknown
Iwakura,Arabic
Hirase,Arabic
Tatsuko,Japanese
Ohmiya,Unknown
Tanizaki,Unknown
Takagawa,Chinese
Nakanoi,Unknown
Nakanishi,Unknown
Mazuka,Unknown
Kiski,Czech
Eda,Chinese
Honami,Unknown
Takagaki,Unknown
Tono,Unknown
Soseki,Unknown
Maeno,Unknown
Kamata,Unknown
Kubota,Unknown
Minabuchi,Unknown
Satake,Czech
Kido,Unknown
Onohara,Arabic
Matsuzawa,Chinese
Tsujimura,Arabic
Tabuchi,Unknown
Kurkawa,Chinese
Kikugawa,Chinese
Hatayama,Unknown
Shirokawa,Chinese
Mifune,Unknown
Nozara,Arabic
Aoki,Unknown
Kawasie,Chinese
Konoe,Unknown
Nishihara,Arabic
Kawamura,Arabic
Taketomo,Unknown
Yuhara,Arabic
Toshitala,Unknown
Okumura,Arabic
Ayabito,Unknown
Kwakami,Unknown
Morioka,Unknown
Igarashi,Arabic
Akimoto,Unknown
Kurusu,Unknown
Okuda,Unknown
Kanesaka,Unknown
Araki,Arabic
Mitsuya,Japanese
Kinashita,Unknown
Otomo,Unknown
Takeuchi,Unknown
Maruyama,Unknown
Takewaki,Unknown
Kuno,Unknown
Makioka,Unknown
Yamana,Dutch
Namiki,Unknown
Nakayama,Unknown
Kimiyama,Unknown
Fuwa,Unknown
Urogataya,Unknown
Shimedzu,Unknown
Shima,Unknown
Sakanoue,Unknown
Fukuoka,Unknown
Hirota,Unknown
Oichi,Unknown
Iesada,Unknown
Masuno,Unknown
Osagawa,Chinese
Higo,Unknown
Ichisada,Unknown
Takeshita,Unknown
Yamhata,Unknown
Sumitimo,Unknown
Daishi,Unknown
Kishi,Unknown
Joshuya,Unknown
Nam,Chinese
Ha,Chinese
Shin,Unknown
Yoo,Chinese
Chi,Chinese
Yun,Chinese
Seo,Chinese
Hwang,Chinese
Chou,Unknown
Han,Chinese
Hyun,Unknown
Mo,Chinese
San,Chinese
Chweh,Unknown
Janda,Unknown
Gomolka,Unknown
Szweda,Unknown
Salomon,Unknown
Jaskulski,Czech
Bartosz,Unknown
Winograd,Arabic
Pasternak,Unknown
Wronski,Czech
Bernard,Unknown
Kaczka,Czech
Kaluza,Unknown
Kozlowski,Czech
KamiÅ„ski,Czech
KrÃ³l,Unknown
GÃ³rka,Unknown
Gorecki,Unknown
Filipowski,Czech
Sitko,Unknown
Miazga,Unknown
EstÃ©ves,Unknown
Pinho,Unknown
Ferreiro,Unknown
Silva,Unknown
RomÃ£o,Unknown
D'cruz,Unknown
Silveira,Arabic
SimÃµes,Unknown
AraÃºjo,Arabic
Ferro,Unknown
Coelho,Unknown
Mindra,Arabic
Holuev,Unknown
Researcher,Unknown
Vasin,Unknown
Beltyukov,Unknown
Finogeev,Unknown
Dovgopoly,Unknown
Hazan,Unknown
Mordvinov,Unknown
Averyanov,Unknown
Enyagin,Unknown
Poshibalov,Arabic
Baikalov,Unknown
Zhimerin,Unknown
Kabyshev,Unknown
Haustov,Unknown
Katsarev,Unknown
Nahamkis,Arabic
Agababyan,Arabic
Iskander,Czech
Novosiltsov,Unknown
Atanov,Unknown
Tsyurupa,Unknown
Tupalo,Unknown
Jakushev,Unknown
Jachmenev,Unknown
Ponyatkov,Unknown
Yakov,Unknown
Zhilchikov,Unknown
Holodkovsky,Czech
Mihilev,Unknown
Awilkin,Unknown
Velyaminov,Unknown
Bachilo,Unknown
Didichenko,Czech
Tzagunov,Unknown
Jmelkov,Unknown
Abdulgapuroff,Unknown
Pohodun,Unknown
Ruzhenkov,Czech
Golovenok,Unknown
Gorbman,Dutch
Shaikhmurzin,Arabic
Gudtsov,Unknown
Makushkin,Unknown
Abikh,Arabic
Grigorishin,Arabic
Nuryshev,Unknown
Bezrukih,Unknown
Avtorkhanov,Arabic
Awaliani,Unknown
Mozhar,Unknown
Tchaganov,Unknown
Chihanchin,Unknown
Lubushkin,Unknown
Agababov,Arabic
Holodilin,Unknown
Talkov,Unknown
Adilov,Unknown
Podsyadlo,Unknown
Adelfinski,Czech
Beider,Unknown
Plichko,Unknown
Zasuhin,Unknown
Abolin,Unknown
Lysko,Czech
Remez,Unknown
Grossman,Czech
Dmukhovsky,Arabic
Alkvist,Unknown
Yatzuba,Arabic
Lapin,Unknown
Hasaev,Unknown
Agranovich,Arabic
Rogachev,Unknown
To The First Page,Unknown
Pochkaev,Unknown
Chekis,Unknown
Leizerman,Dutch
Awerkowitch,Unknown
Kachimov,Unknown
Rotmistrov,Unknown
Moshenko,Czech
Baidzhanov,Unknown
Chkhikvadze,Arabic
Mudrov,Unknown
Serednitsky,Czech
Isayan,Unknown
Zhitukhin,Arabic
Belgov,Unknown
Chukhlomsky,Arabic
Valentinovich,Czech
Valnev,Unknown
Baier,Unknown
Shahlamov,Unknown
Zhandarov,Unknown
Baburov,Unknown
Nasikan,Unknown
Glukhman,Arabic
Dogadkin,Unknown
Hanykov,Unknown
Jadovsky,Czech
Belikovich,Czech
Baibikov,Unknown
Mahalov,Arabic
Poyarkov,Unknown
Gronsky,Czech
Ustkachkintsev,Unknown
Gudoshin,Arabic
Jeldakov,Unknown
Tzaplinsky,Czech
Dik,Chinese
Vyalushkin,Unknown
Geftler,Unknown
Bilibin,Italian
Zhitny,Unknown
Grushevenko,Czech
Bagdasaroff,Unknown
Tubylov,Unknown
Kalinovsky,Czech
Jatzenko,Czech
Zhirikov,Dutch
Bestuzhev,Unknown
Zhedrinsky,Czech
Jernov,Unknown
Handohin,Unknown
Agzamov,Unknown
Jandarbiev,Unknown
Martoyas,Unknown
Djanibekov,Unknown
Belshtein,Unknown
Hidirov,Unknown
Ablyakimoff,Unknown
Jdankov,Unknown
Guliev,Unknown
Zhvachkin,Unknown
Bazanov,Unknown
Chernovol,Unknown
Dahin,Unknown
Habarin,Arabic
Rochegov,Unknown
Bekkarevich,Dutch
Hilkov,Unknown
Kabakov,Arabic
Tokarenko,Czech
Portyanko,Unknown
Lychanaya,Unknown
Rogashkov,Unknown
Atabekov,Unknown
Martsenyuk,Chinese
Verbitsky,Czech
Jugai,Unknown
Gesti,Unknown
Obukovkin,Unknown
Makhmudov,Arabic
Tsyurko,Unknown
Eroshin,Arabic
Pavelko,Unknown
Lodyagin,Unknown
Halkiopov,Unknown
Maryenko,Czech
Nugaibekov,Unknown
Vyalko,Unknown
Hlyzov,Unknown
Uchuvatkin,Unknown
Shakhgildyan,Arabic
Jimerin,Unknown
Agatov,Unknown
Zherzdev,Unknown
Valberh,Arabic
Shalgin,Unknown
Digurov,Unknown
Vygovsky,Czech
Zhvanetsky,Czech
Shahov,Unknown
Dehtyarev,Unknown
Rotenberg,Unknown
Dontsov,Unknown
Islamov,Unknown
Chkheidze,Arabic
Dobridnyuk,Unknown
Martemyanov,Unknown
Esikov,Unknown
Goloushin,Arabic
Moshkarkin,Unknown
Hatuntsev,Unknown
Mozhaiskov,Czech
Balanowsky,Czech
Eihfeld,Unknown
Maruschenko,Czech
Badamshin,Arabic
Gluskin,Czech
Tihenko,Czech
Gluhman,Dutch
Daniltsev,Unknown
Abyshev,Unknown
Zhuzhnev,Unknown
Yakon,Unknown
Haraman,Arabic
Rekemchuk,Unknown
Martysyuk,Unknown
Gorbachev,Arabic
Gulkin,Unknown
Deulin,Unknown
Gauer,Unknown
Mihalchuk,Unknown
Myachkov,Unknown
Mujitskih,Czech
Jadne,Unknown
Shahbazov,Arabic
Tzebrikov,Dutch
Omarov,Unknown
Hilchevsky,Czech
Zholovan,Unknown
Hamadullin,Unknown
Lihomanov,Dutch
Turunov,Unknown
Yanishevsky,Czech
Abdulladjanov,Unknown
Jujnev,Unknown
Johin,Unknown
Bekleshev,Unknown
Veselago,Unknown
Jigultsov,Unknown
Derzhavets,Unknown
Badyaev,Unknown
Golovachev,Unknown
Multah,Unknown
Murtazin,Unknown
Rzhavinsky,Czech
Hairutdinov,Unknown
Nouvel,Unknown
Egarmin,Unknown
Vorogushin,Arabic
Toidze,Unknown
Taltskov,Czech
Balakleevsky,Czech
Zharmukhamedov,Arabic
Mihailutsa,Unknown
Ebergard,Unknown
Abdulbasirov,Arabic
V'Yuhin,Unknown
Zelenov,Unknown
Kalimahi,Unknown
Forsh,Unknown
Dobretsky,Czech
Elinson,Unknown
Bazarevich,Unknown
Peleev,Unknown
Hitrov,Unknown
Kacharyants,Unknown
Engelmeier,Unknown
Vedikhov,Arabic
Chuvashev,Unknown
Avakyan,Unknown
Abramov,Arabic
Awksentiewsky,Chinese
Lubsky,Czech
Mogilensky,Czech
Homich,Unknown
Vaistuh,Unknown
Almuhametov,Unknown
Yanover,Unknown
Jernovoy,Unknown
Vikhansky,Arabic
Minnikhanov,Arabic
Baewski,Czech
Golofeev,Unknown
Hanenya,Unknown
Badoff,Unknown
Lihovskih,Czech
Aboimov,Unknown
Abdrazakov,Arabic
Belovol,Unknown
Teterev,Dutch
Dantsiger,Unknown
Abdrakhmanoff,Arabic
Batsura,Arabic
Tsagunov,Unknown
Seredyuk,Unknown
Gultyaev,Unknown
Yakob,Unknown
Golochevsky,Czech
Lebidko,Unknown
Tsvirko,Unknown
Zhirnyakov,Unknown
Bekker,Dutch
Elez,Unknown
Kachalovsky,Czech
Turmanov,Dutch
Ajinoff,Unknown
Zinnatov,Unknown
Chertorijsky,Czech
Dargevich,Unknown
Kaletin,Unknown
Dzhanaev,Unknown
Velikin,Czech
Pitaevsky,Czech
Abakumtsev,Arabic
Tsehanovich,Czech
Piterskih,Czech
Ryzhkovsky,Czech
Elanin,Unknown
Halyapin,Unknown
Zhiryakov,Unknown
Lysikhin,Arabic
Hapachev,Unknown
Evstratov,Arabic
Rukhlin,Arabic
Tzayukov,Arabic
Habibulin,Unknown
Badikov,Unknown
Kalaidovich,Czech
Bestujev,Unknown
Bahtiyaroff,Unknown
Abdulrahmanov,Arabic
Jaboev,Unknown
Liholobov,Unknown
Jokin,Unknown
Zhalagin,Unknown
Tsvelyukh,Arabic
Jakuschenko,Czech
Dnishev,Unknown
Pecherkin,Unknown
Adov,Unknown
Lihtentul,Unknown
Havroshin,Arabic
Abertasov,Unknown
Belikin,Czech
Baer,Unknown
Shirko,Unknown
Havinson,Unknown
Andrusiw,Unknown
Tzahilov,Unknown
Balahonsky,Czech
Molnovetsky,Czech
Aboev,Unknown
Vedyaskin,Czech
Abyzgiddin,Unknown
Pellenen,Unknown
Jemlihanov,Unknown
Almut,Unknown
Ababko,Arabic
Yukhimenko,Arabic
Rivkin,Unknown
Zhogov,Unknown
Jandulsky,Czech
Vygotsky,Czech
Hasis,Unknown
Avdiev,Unknown
Halkechev,Unknown
Tihodeev,Unknown
Halaphaev,Unknown
Abalakin,Arabic
Egin,Unknown
Abramovitch,Arabic
Enshin,Arabic
Himich,Unknown
Gorstkin,Unknown
Por,Chinese
Markus,Unknown
Balabai,Arabic
Matsotsky,Czech
Nesmachko,Unknown
Tzalyhin,Unknown
Tzeluiko,Unknown
Awagimoff,Unknown
Ujva,Unknown
Eihe,Unknown
Vertiprahov,Arabic
Awen,Unknown
Jachnik,Unknown
Pavelyev,Unknown
Filippovich,Czech
Gasman,Dutch
Tzakunov,Unknown
Natapov,Unknown
Tuguz,Unknown
Awtukhoff,Arabic
Dobrotvorsky,Czech
Jurkov,Unknown
Michudo,Unknown
To The First Page,Unknown
Mordvin,Unknown
Taller,Unknown
Vozmitel,Unknown
Dzhezhela,Unknown
Awroff,Unknown
Yakimychev,Unknown
Vikulin,Unknown
Bakhovkin,Arabic
Otstavnoi,Unknown
Shalyapin,Unknown
Avdulov,Unknown
Raihelgauz,Unknown
Shenyavsky,Czech
Vangengeim,Chinese
Matsevich,Unknown
Zasyad'Ko,Unknown
Gorsun,Unknown
Chukhanov,Arabic
Ryjkin,Unknown
Renzyaev,Unknown
Haidukov,Unknown
Shahansky,Arabic
Minyajetdinov,Unknown
Hanjiev,Unknown
Habelashvili,Unknown
Zhurbenko,Czech
Chikurov,Unknown
Lokhanov,Arabic
Egides,Unknown
Habov,Unknown
Babahanov,Arabic
Shahnarovich,Czech
Zhitnikov,Unknown
Timkov,Unknown
Rempler,Unknown
Yankilevsky,Czech
Jamlikhanov,Arabic
Mihnov,Unknown
Muzylev,Unknown
Fazlov,Unknown
Birnbaum,Arabic
Dzharimov,Unknown
Huako,Unknown
Tzarev,Unknown
Mihalkin,Unknown
Vysokin,Unknown
Janjul,Unknown
Usyskin,Czech
Danilyak,Unknown
Mokretsov,Unknown
Jura,Arabic
Markhinin,Arabic
Abasheev,Arabic
Isaikov,Unknown
Dzhelepov,Unknown
Limanov,Dutch
Zasoba,Arabic
Schirovsky,Czech
Adamenko,Czech
Pasternak,Unknown
Vagramenko,Arabic
Hatov,Unknown
Porohnya,Unknown
Galetsky,Czech
Lutoshnikov,Unknown
Jakhnyuk,Arabic
Kalimulin,Unknown
Aganov,Unknown
Avrutsky,Czech
Raifeld,Unknown
Balabanov,Arabic
Nakhabtsev,Arabic
Momotov,Unknown
Ajiganoff,Unknown
Andryuhin,Unknown
Dubelir,Unknown
Danchuk,Unknown
Juon,Unknown
Vakulko,Unknown
Dzheladze,Unknown
Talankin,Unknown
Yagubsky,Czech
Abramovsky,Arabic
Veller,Unknown
Rukhimovich,Arabic
Yatsun,Japanese
Zharikhin,Arabic
Vagapov,Unknown
Batchev,Unknown
Bakalov,Unknown
Jarov,Unknown
Abletsov,Unknown
Gluhotko,Unknown
Eihenvald,Unknown
Jatsenko,Chinese
Bachyanskas,Czech
Mogilyuk,Unknown
Animitsa,Unknown
Remnev,Unknown
Vozdvijensky,Czech
Yamschikov,Dutch
Lapikov,Unknown
Jankilevsky,Czech
Bakurinsky,Czech
Bakradze,Arabic
Zhiltsov,Unknown
Pirtskhalava,Arabic
Zhulyabin,Unknown
Kamenetzky,Unknown
Baklykov,Unknown
Tchaleev,Unknown
Remeslo,Unknown
Zinkovsky,Czech
Chugainov,Unknown
Hamitsev,Unknown
Zhuravsky,Arabic
Guzenko,Czech
Zhulidov,Unknown
Gataullin,Unknown
Yuzvyuk,Unknown
Vilson,Unknown
Chalyshev,Unknown
Horoshih,Unknown
Marsky,Czech
Yatsevich,Unknown
Maryltsev,Unknown
Awtaeff,Unknown
Hotimsky,Czech
Gluhih,Unknown
Jukovich,Czech
Andreenko,Czech
Mokhosoev,Arabic
Baitchikoff,Unknown
Balakhonsky,Arabic
Lutkov,Unknown
Yuzefov,Unknown
Vyguzov,Unknown
Hamatov,Unknown
Belotserkovets,Unknown
Bautin,Unknown
Teterkin,Dutch
Vadkovsky,Czech
Bakshansky,Czech
Mingazetdinov,Chinese
Onkov,Unknown
Uzhva,Unknown
Uchaev,Unknown
Tovstykh,Arabic
Kabachnik,Arabic
Gall,Unknown
Abraroff,Arabic
Augustov,Unknown
Yachevsky,Czech
Zhogin,Unknown
Timerbulatov,Unknown
Bakusoff,Unknown
Azhinoff,Unknown
Dubitsky,Czech
Shalamanov,Dutch
Noskovsky,Czech
Shazzo,Unknown
Abeltsev,Unknown
Atyasov,Unknown
Mihailenko,Czech
Grodsky,Czech
Podshibikhin,Arabic
Tikhvinsky,Arabic
Balakhonoff,Arabic
Baranetsky,Arabic
Jekulin,Unknown
Zhirmunsky,Czech
Vertkin,Unknown
Babushkin,Unknown
Beldy,Unknown
Ponkratov,Arabic
Hardaev,Unknown
Agishev,Unknown
Vasianov,Unknown
Adomaitis,Unknown
Galochkin,Unknown
Pyrlin,Unknown
Neverov,Unknown
Balakhonov,Arabic
Enman,Dutch
Drozdenko,Czech
Dobrynchenko,Czech
Andrusov,Unknown
Pavluhin,Unknown
Tzalaban,Arabic
Lilyin,Unknown
Adarchenko,Czech
Awturkhanoff,Arabic
Admakin,Czech
Luts,Unknown
Yanko,Unknown
Tsaliev,Unknown
Tokarev,Unknown
Gorbovsky,Czech
Rohin,Unknown
Derkachev,Czech
Mokrushev,Unknown
Chukhman,Arabic
Bakastoff,Unknown
Pentsak,Unknown
Pazhitnov,Unknown
Minov,Unknown
Harlap,Unknown
Jachevsky,Czech
Portnikov,Unknown
Zhestovsky,Czech
Hatmullin,Unknown
Morehin,Unknown
Jakovchuk,Unknown
Tulin,Unknown
To The First Page,Unknown
Nahimov,Unknown
Avelichev,Unknown
Enikolopov,Unknown
Dahaev,Arabic
Badyagin,Unknown
Agamoff,Unknown
Abdurahmanoff,Arabic
Mozharov,Unknown
Tsarek,Unknown
Martsenko,Chinese
Lojkin,Unknown
Lysenny,Chinese
Andruzsky,Czech
Bagaturiya,Unknown
Uzov,Unknown
Bei-Bienko,Czech
Vinnik,Unknown
Barakov,Arabic
Yanek,Czech
Ponurovsky,Czech
Porublev,Unknown
Zenischev,Dutch
Mkrtumyan,Unknown
Davletov,Unknown
Plisetsky,Czech
Zinder,Unknown
Batskaev,Czech
Tronye,Unknown
Judelevich,Dutch
Agibalov,Arabic
Yuhvidov,Unknown
Zherikhin,Arabic
Yatsyk,Unknown
Valdin,Unknown
Fabrichnikov,Unknown
Molyakov,Unknown
Chehlakovsky,Czech
Shirinyan,Unknown
Olenew,Unknown
Nasrutdinov,Unknown
Kartavtsev,Unknown
Jakhin,Arabic
Marmazov,Unknown
Baggovut,Unknown
Patziorkovsky,Czech
Badelin,Dutch
Yageman,Dutch
Turuhin,Unknown
Gropyanov,Unknown
Tchartorizhsky,Czech
Kalinichev,Unknown
Anisikhin,Arabic
Jerebin,Unknown
Zhovtyak,Unknown
Zhanimov,Unknown
Ablov,Unknown
Yanov,Unknown
Guzev,Unknown
Vyshnegradsky,Arabic
Anoskov,Czech
Japondych,Unknown
Kaliteevsky,Czech
Zhadin,Unknown
Minovitzky,Unknown
Glazaty,Unknown
Prigarin,Unknown
Tikhonravov,Arabic
Jivopistsev,Unknown
Zhelezny,Unknown
Turukhin,Arabic
Valiahmetov,Unknown
Zholudev,Unknown
Bilinsky,Czech
Babukhin,Arabic
Guzik,Unknown
Bakaleiko,Unknown
Vadin,Unknown
Kartashkin,Unknown
Belogubov,Unknown
Tsarenkov,Czech
Zhorzhev,Unknown
Astrov,Unknown
Pokhilenko,Arabic
Janover,Unknown
Awduloff,Unknown
Fotinov,Unknown
Hijny,Unknown
Leitis,Unknown
Pismichenko,Czech
Bekhtenev,Arabic
Yatsuba,Arabic
Gayulsky,Czech
Guzichenko,Czech
Chalov,Unknown
Zolkin,Unknown
Gerschcovich,Czech
Yudolovich,Czech
Rigin,Unknown
Talpin,Unknown
Belnikov,Unknown
Jukovets,Unknown
Researcher,Unknown
Djemal,Unknown
Mikhalchev,Arabic
Chekmezov,Unknown
Utoplov,Unknown
Ageevets,Unknown
Cheplakov,Unknown
Ekin,Unknown
Zhimila,Unknown
Evert,Unknown
Shangareev,Chinese
Musakov,Unknown
Lejnin,Unknown
Tchehanov,Unknown
Kalashnik,Unknown
Juchkov,Unknown
Andryukov,Unknown
Zhunin,Unknown
Grositsky,Czech
Avhimovich,Czech
Vinkler,Unknown
Routiyainen,Unknown
Danilyan,Unknown
Hanenko,Czech
Islambekov,Unknown
Tsalykhin,Arabic
Munin,Unknown
Talalykin,Unknown
Jbanov,Arabic
Jachmenkov,Czech
Vilbreht,Unknown
Awalishwili,Italian
Jirnov,Unknown
Ableuhoff,Unknown
Alhimov,Unknown
Shengeliya,Chinese
Bahmetiev,Unknown
Holkin,Unknown
Yakushev,Unknown
Mohosoev,Unknown
Avksentievski,Chinese
Tsarevsky,Czech
Mukubenov,Unknown
Mingalev,Chinese
Jadrikhinsky,Arabic
Ruhimovich,Czech
Shaidakov,Unknown
Jevakhov,Arabic
Dargomyjsky,Czech
Haladjan,Unknown
Dzhavakhishvili,Arabic
Pirozhkov,Unknown
Hetagurov,Unknown
Vinding,Chinese
Luppa,Czech
Chukhnovsky,Arabic
Gasilin,Unknown
Hizriev,Unknown
Katzenellenbogen,Unknown
Ryzhih,Unknown
Tchazov,Unknown
Kalimullin,Unknown
Jarmuhamedov,Unknown
Valyushkin,Unknown
Pochtarev,Arabic
Molchanov,Unknown
Abragamson,Arabic
Loza,Unknown
Adelkhanoff,Arabic
Yushenkov,Czech
Absalyamov,Unknown
Groshopf,Unknown
Yafrakov,Arabic
Markushin,Arabic
Mudrik,Dutch
Deryugin,Unknown
Valkevich,Unknown
Vaskovsky,Czech
Natashkin,Unknown
Gribenkin,Czech
Jahontov,Unknown
Avilkin,Unknown
Yuzhanov,Unknown
Porfiriev,Unknown
Yam,Chinese
Ott,Chinese
Mulinov,Unknown
Bahlaev,Unknown
Sert,Unknown
Golovenchenko,Czech
Jmakov,Czech
Poroskov,Czech
Getman,Dutch
Ziyatdinov,Unknown
Minnihanov,Unknown
Nyrtsev,Unknown
Senyakovich,Czech
Zukerman,Dutch
Zhelokhovtsev,Arabic
Lapenkov,Czech
Valts,Unknown
Molevich,Unknown
Artseulov,Unknown
Jandutkin,Unknown
Jalybin,Unknown
Yudasin,Unknown
Valov,Unknown
Onishko,Unknown
Mikhnevich,Arabic
Imenin,Unknown
Vilyunas,Unknown
Agadjanyan,Unknown
Moshkin,Unknown
Pohmelkin,Unknown
Novoseltsev,Unknown
Avdonin,Unknown
Awwakumoff,Unknown
Bakhorin,Arabic
Awaeff,Unknown
Guketlev,Unknown
Tchartorijsky,Czech
Myatlev,Unknown
Mozhaev,Unknown
Senyavin,Unknown
Scetintsev,Unknown
Lichenko,Czech
Bakalinsky,Czech
Donchak,Unknown
Emeshin,Arabic
Tchehovsky,Czech
Yanowich,Unknown
Frolov,Unknown
Atabiev,Unknown
Uchuev,Unknown
Badykshanov,Unknown
Shakhov,Arabic
Zaslavsky,Czech
Jivkovich,Czech
Morenshildt,Unknown
Djemilev,Unknown
Munchaev,Unknown
Timerbaev,Arabic
Ustyujanin,Unknown
Fadzaev,Unknown
Ryzhanov,Unknown
Ruhlyada,Unknown
Pechersky,Czech
Dubkoff,Unknown
Zhigalin,Unknown
Uzunov,Unknown
Mahov,Unknown
Hagurov,Unknown
Abdulladzhanoff,Unknown
Molodykh,Arabic
Lychakov,Unknown
Lysenkov,Chinese
Tikhonin,Arabic
Robustov,Unknown
Saikov,Unknown
Belimov,Unknown
Awramchik,Arabic
Tzeimen,Unknown
Vasyukevich,Unknown
Gudz,Unknown
Vaindrah,Arabic
Lazhintsev,Unknown
Joltovsky,Czech
Marshansky,Czech
Remishevsky,Czech
Rahimov,Unknown
Ilyushin,Arabic
Tsvetov,Unknown
Velsh,Unknown
Eroshkevich,Unknown
Jagich,Unknown
Remchukov,Unknown
Bakhurin,Arabic
Tsapin,Unknown
Zelenkin,Czech
Glebovich,Czech
Jahno,Unknown
Tomaev,Unknown
Hlevniuk,Unknown
Zhigultsov,Unknown
Chikhanchin,Arabic
Patsev,Unknown
Marfin,Unknown
Badanoff,Unknown
Judolovich,Czech
Bestuzhev-Lada,Unknown
Nakhushev,Arabic
Badanov,Unknown
Juchenko,Czech
Avalishvili,Italian
Yablochkov,Unknown
Bakshtanowsky,Czech
Jupikov,Unknown
Horoshkevich,Unknown
Gukov,Unknown
Jakubenko,Czech
Chepurin,Unknown
Tcharkin,Unknown
Renskov,Czech
Fisik,Unknown
Jaivoronok,Unknown
Lepikhin,Arabic
Baitoff,Unknown
Lebedkin,Unknown
Senyagin,Unknown
Pribylsky,Czech
Imeretinsky,Czech
Jakov,Unknown
Entus,Unknown
Demeshko,Unknown
Andronikov,Unknown
Talashkevich,Unknown
Yandiev,Unknown
Lotarev,Arabic
Chertischev,Dutch
Vannovsky,Czech
Duronov,Unknown
Miniahhmetov,Unknown
Bahmatoff,Unknown
Chepchyak,Unknown
Piskoppel,Czech
Awtorkhanoff,Arabic
Harik,Dutch
Rogatko,Unknown
Djirin,Unknown
Lapinsky,Czech
Tsidilin,Italian
Trukhnin,Arabic
Ryzhkin,Unknown
Avsenev,Chinese
Russkikh,Arabic
Anikanov,Unknown
Otstavnov,Unknown
Bakhusov,Arabic
Vesich,Czech
Ots,Chinese
Lykosov,Unknown
Gayazov,Unknown
Bair,Unknown
Davydkin,Unknown
Novotortsev,Unknown
Gukovsky,Czech
Sapojnikov,Unknown
Tokombaev,Arabic
Shamakhov,Arabic
Grobivker,Unknown
Prigozhin,Unknown
Miodushevsky,Czech
Momdjyan,Unknown
Habirov,Unknown
Bahmutov,Unknown
Lokhno,Arabic
Mikhilev,Arabic
Eikhenvald,Arabic
Grigorevsky,Czech
Bagretsoff,Unknown
Zheleztsov,Unknown
Isangulov,Chinese
Zhegulin,Unknown
Fistal,Unknown
Dogadin,Unknown
Dzhanashiya,Unknown
Babanov,Arabic
Shainurov,Unknown
Batukov,Unknown
Belyavin,Unknown
Zhirov,Unknown
Privorotsky,Czech
Beloschin,Dutch
Schitov,Unknown
Truhnin,Unknown
Kabeshov,Unknown
Medved,Unknown
Numerov,Unknown
Janibekov,Unknown
Turgenev,Unknown
Tsarsky,Czech
Tikhonkih,Arabic
Lajentsev,Unknown
Bakhmetev,Arabic
Poshehonov,Unknown
Hudyh,Unknown
Zimonin,Unknown
Vymenets,Unknown
Havanov,Unknown
Seredavin,Unknown
Jakutkin,Unknown
Jerebovich,Czech
Detinko,Unknown
Bilyaev,Unknown
Zheltyannikov,Unknown
Gudkov,Unknown
Ableukhoff,Arabic
Ader,Unknown
Abuhoff,Unknown
Michkov,Unknown
Vesnik,Unknown
Chehanov,Unknown
Galdus,Unknown
Tetekin,Unknown
Portnyagin,Unknown
Agalakoff,Unknown
Nezamai,Unknown
Gulchinsky,Czech
Kalachihin,Unknown
To The First Page,Unknown
Zherebin,Unknown
Durmanov,Dutch
Porhun,Unknown
Paradzhanov,Arabic
Zhidkih,Unknown
Tukmanov,Dutch
Leikin,Unknown
Jikin,Unknown
Yudovich,Czech
Zhdankin,Unknown
Makhankov,Arabic
Schepotyev,Unknown
Agatyev,Unknown
Yuskevich,Czech
Tomas,Unknown
Abelman,Dutch
Bagalei,Unknown
Abih,Unknown
Glavchev,Unknown
Awrutsky,Czech
Pakhtel,Arabic
Barabanov,Arabic
Charnolusky,Czech
Litovchenko,Czech
Zheimo,Unknown
Kalievsky,Czech
Janitsky,Czech
Nezabytovsky,Czech
Tihvinsky,Czech
Lositsky,Czech
Tzekhansky,Arabic
Balanovski,Czech
Dobretsov,Unknown
Rovnev,Unknown
Darsky,Czech
Abashin,Arabic
Levitis,Unknown
Alchubaev,Arabic
Fedotko,Unknown
Loitzyansky,Czech
Pylyaev,Unknown
Anisovets,Unknown
Froyanov,Unknown
Andryunin,Unknown
Hlyupin,Unknown
Mogilnitsky,Czech
Hasminsky,Czech
Tsapenko,Czech
Kalitvin,Unknown
Babarykin,Arabic
Bakunts,Unknown
Bir,Chinese
Dan'Ko,Unknown
Chazov,Unknown
"Jevolojnov,",Unknown
Judakhin,Arabic
Rahmetov,Unknown
Hijnyakov,Unknown
Dozorny,Unknown
Gulyansky,Czech
Jerebko,Unknown
Filipov,Unknown
Hanifatullin,Unknown
Katzman,Dutch
Hairyuzov,Unknown
Jeludev,Unknown
Balawensky,Chinese
Tchehovich,Czech
Ukhtomsky,Arabic
Albertini,Unknown
Yudkovich,Czech
Murylev,Unknown
Kalentiev,Unknown
Bagachev,Unknown
Gudenko,Czech
Rujitsky,Czech
Dizhin,Unknown
Vainberg,Unknown
Adoniev,Unknown
Babyuk,Unknown
Pytov,Unknown
Shahlevich,Unknown
Kalekin,Unknown
Chuhontsev,Unknown
Jagodinsky,Czech
Jagupets,Unknown
Zasyadko,Unknown
Podsevalov,Unknown
Ponyatovsky,Czech
Eihmans,Dutch
Bahtiaroff,Unknown
Rustikov,Unknown
Jakon,Unknown
Fionin,Unknown
Pavlusenko,Chinese
Lebedevich,Unknown
Gachev,Unknown
Gaft,Unknown
Jevaikin,Unknown
Abdurakhmanov,Arabic
Filipovsky,Czech
Gluzman,Dutch
Antonyuk,Unknown
Bakoni,Unknown
Zimenkov,Czech
Avramchik,Arabic
Vedernikov,Unknown
Valyaev,Unknown
Baksheev,Unknown
Liders,Unknown
Lysakov,Unknown
Shaikov,Unknown
Tzipushtanov,Unknown
Likov,Unknown
Abrameitsev,Arabic
Onufrievich,Unknown
Juikov,Unknown
Shamahov,Unknown
Deulenko,Czech
Hapitsky,Czech
Vislobokov,Unknown
Turupanov,Unknown
Loiko,Unknown
Bakhmutsky,Arabic
Kablits,Unknown
Oom,Chinese
Hantsev,Unknown
Mulatov,Unknown
Andreichik,Unknown
Turchenko,Czech
Churnosov,Unknown
Hesin,Czech
Adelung,Dutch
Lidorenko,Czech
Darjaev,Unknown
Ustimenko,Czech
Egides,Unknown
Alperovich,Czech
Vilke,Unknown
Bairashewski,Arabic
Vyshkovsky,Czech
Lyzhenkov,Czech
Pyrchenkov,Czech
Vyazmitinov,Unknown
Ablesimoff,Czech
Awerin,Unknown
Agratin,Arabic
Yansons,Unknown
Zelenkov,Czech
Grushi,Unknown
Ageitchev,Unknown
Bakshtanovski,Czech
Anedchenko,Czech
Abalikhin,Arabic
Yaguzhinsky,Czech
Abalmasoff,Arabic
Zeleny,Unknown
Abrikosov,Dutch
Rivman,Dutch
Ujvak,Unknown
Baidavletoff,Unknown
Mravinsky,Arabic
Awduewski,Czech
Mikhailutsa,Arabic
Abelmazov,Unknown
Babilyas,Unknown
Bekh,Arabic
Shalnov,Unknown
Zhuravov,Arabic
Mikhailyants,Arabic
Rohlin,Unknown
Awdonin,Unknown
Kalinin,Unknown
Tsarikaev,Dutch
Vyborny,Unknown
Baewsky,Czech
Dobrinsky,Czech
Baikowsky,Czech
Ribakov,Arabic
Zhelezko,Unknown
Grosul,Unknown
Nelyubov,Unknown
Yuferov,Unknown
Moschenko,Czech
Hanakhu,Arabic
Bahtoff,Unknown
Hairullov,Unknown
Adamoff,Unknown
Mravin,Arabic
Kalabuhov,Unknown
Beilin,Unknown
Chalyh,Unknown
Mukovozov,Unknown
Avhadiev,Unknown
Aurov,Unknown
Abzyaparoff,Unknown
Bahchivandji,Unknown
Eidelstein,Dutch
Portsienko,Czech
Dermelev,Unknown
Fedchenkov,Czech
Lapinus,Unknown
Yadryshnikov,Unknown
Vanchugov,Unknown
Saidbaev,Arabic
V'Unnikov,Unknown
Katzev,Unknown
Viner,Unknown
Awanesov,Unknown
Martirosov,Unknown
Chepasov,Unknown
Moldovyan,Czech
Mogilevtsev,Unknown
Pashkov,Unknown
Schepiorko,Unknown
Adriyanoff,Unknown
Muklevich,Unknown
Rahmanov,Dutch
Astrahantsev,Arabic
Chepygin,Unknown
Martyuk,Unknown
Holshevnikov,Unknown
Marks,Unknown
Leihtenbergsky,Czech
Chukhrov,Arabic
Jvirblis,Unknown
Modin,Unknown
Muksunov,Unknown
Galkin-Vraskoi,Arabic
Avetisov,Unknown
Tsvilgnev,Unknown
Kalambetov,Unknown
Barabanschikov,Arabic
Shenk,Czech
Vertogradsky,Arabic
Zhevlakov,Unknown
Saks,Unknown
Batsman,Dutch
Marchenko,Czech
Minyushev,Unknown
Vedenov,Unknown
Nahamkin,Arabic
Avkhimovich,Arabic
Deryujinsky,Czech
Jivov,Unknown
Likhodeev,Arabic
Vazhov,Unknown
Zhegin,Unknown
Heifets,Unknown
Halatyan,Unknown
Tzai,Unknown
Tulinov,Unknown
Jatsuba,Arabic
Danilchuk,Unknown
Jadenov,Unknown
Leibe,Unknown
Dzhumaev,Unknown
Tsyavlovsky,Czech
Zhivkovich,Czech
Jaba,Arabic
Tuleev,Unknown
Likhosherstov,Arabic
Mochalin,Unknown
Makhnenko,Arabic
Baiguzov,Unknown
Desyatkin,Unknown
Kalistratov,Arabic
Gudvan,Unknown
Jeltouhov,Unknown
Shakhnazarov,Arabic
Yapaskurt,Czech
Usiskin,Czech
Taliev,Unknown
Babosov,Unknown
Sak,Chinese
Zimny,Unknown
Babakulov,Arabic
Shamrun,Unknown
Davletyarov,Unknown
Chihachev,Unknown
Grakovich,Arabic
Timonin,Unknown
Jigalin,Unknown
Baturkin,Unknown
Jilenko,Czech
Hamaev,Unknown
Ebsvort,Unknown
Herheulidzev,Unknown
Evarestov,Unknown
Marunin,Unknown
Chepurnov,Unknown
Ligostaev,Unknown
Halitov,Unknown
Jukhtanov,Arabic
Leibovsky,Czech
Nureev,Unknown
Kartamyshev,Unknown
Abulhanoff,Unknown
Pendyuhov,Unknown
Balahontsev,Unknown
Parasyuk,Arabic
Yachmentsev,Unknown
Sepp,Czech
Pekhtin,Arabic
Toktahunov,Unknown
Gets,Unknown
Turovsky,Czech
Durmashkin,Unknown
Bestolov,Unknown
Agulian,Unknown
Yanin,Unknown
Jaminsky,Czech
Ponidelko,Dutch
Ruslanov,Unknown
Belin,Unknown
Jagello,Unknown
Imamutdinov,Unknown
Tets,Unknown
Ustimkin,Unknown
Dertynov,Unknown
Agayan,Unknown
Artemev,Unknown
Hil,Chinese
Evstafiev,Unknown
Bezrukikh,Arabic
Bazaev,Unknown
Harkevich,Unknown
Nastogunin,Unknown
Dzhumabaev,Arabic
Tokmakov,Czech
Fadyuhin,Unknown
Isakovich,Czech
Agapotchkin,Unknown
Jandiev,Unknown
Liventsov,Unknown
Babanoff,Arabic
Tovstyko,Unknown
Lichman,Dutch
Balanovsky,Czech
Jakubonis,Unknown
Adabashian,Arabic
Zhvykin,Unknown
Hajkasimov,Unknown
Isachenkov,Czech
Jadkevich,Unknown
Ustinchenko,Czech
Jikharev,Arabic
Mulenkov,Czech
Mozheiko,Unknown
Belkov,Unknown
Pavin,Unknown
Mogilnikov,Unknown
Davidyuk,Unknown
Yudkov,Unknown
Zhiznyakov,Unknown
Porus,Unknown
Bakhtiarov,Arabic
Zhbankov,Arabic
Golovan,Unknown
Porokhov,Arabic
Minkin,Unknown
Yadrov,Unknown
Vanjula,Unknown
Iskaev,Czech
Andronnikov,Unknown
Zhdakaev,Unknown
Privalov,Unknown
Zasodimsky,Czech
Ilyakhin,Arabic
Kalikhov,Arabic
Marchanukov,Unknown
Timin,Unknown
Porshnev,Unknown
Gassan,Czech
Drozdetsky,Czech
Bawvykin,Chinese
Utropov,Unknown
Zhiznevsky,Czech
Vederman,Dutch
Baderskoff,Czech
Robakidze,Arabic
Eroshevsky,Czech
Jakovchenko,Czech
Ruhtoev,Unknown
Valchitsky,Czech
Awrorin,Unknown
Yakushkov,Unknown
Timkin,Unknown
Jitomirsky,Czech
Rennenkampf,Czech
Dodin,Unknown
Shakhrai,Arabic
Tzapin,Unknown
Muzhitskih,Czech
Minnubaev,Arabic
Tsekhmistrenko,Arabic
Androhanov,Unknown
Bader,Unknown
To The FirstÂ  Page,Unknown
Vaksberg,Unknown
Martidi,Unknown
Munster,Unknown
Anderson,Unknown
Jones,Unknown
Mcdonald,Unknown
Campbell,Unknown
Ramsay,Unknown
Douglas,Czech
Macdonald,Unknown
Wright,Unknown
Murphy,Unknown
Black,Unknown
Williamson,Unknown
Grant,Arabic
Henderson,Unknown
Shaw,Chinese
Watson,Unknown
VilarÃ³,Unknown
Perez,Unknown
Gallego,Unknown
Varela,Unknown
Puerta,Unknown
RendÃ³n,Unknown
D'cruze,Unknown
FÃ©lix,Unknown
Ochoa,Unknown
Nieves,Unknown
Oliver,Unknown
Blanxart,Unknown
Azarola,Unknown
Araya,Arabic
Flores,Unknown
Aberquero,Unknown
Rey,Chinese
Arreola,Unknown
Santana,Unknown
Franco,Arabic
San nicolas,Unknown
Fuentes,Unknown
Albuquerque,Unknown
Rojo,Unknown
Arena,Unknown
Herrera,Arabic
Bonaventura,Arabic
Guerra,Arabic
Pavia,Unknown
Abascal,Arabic
Marino,Unknown
Ramos,Unknown
Abreu,Unknown
De leon,Unknown
Puig,Unknown
Aqua,Unknown
Michel,Unknown
Lopez,Unknown
Vicario,Unknown
Casales,Unknown
Abana,Arabic
Abel,Unknown
Aritza,Unknown
Villaverde,Unknown
Kim,Chinese
Ly,Chinese
Mach,Unknown
Chau,Unknown
Thao,Chinese
Banh,Unknown
Thach,Unknown
Hoang,Chinese
Do,Chinese
Than,Unknown
